9 -0.648492 0.605820
224 -0.770155 -0.457912
248 0.778168 0.473133
249 -0.321458 1.158658
257 0.549843 -0.423582
308 0.087442 -0.717506
313 0.048902 0.419433
367 -0.305849 1.082145
385 -0.493321 0.445378
473 0.432610 -0.307740
478 -0.629838 -1.069435
513 -0.622211 -0.322923
546 -0.014038 0.375529
575 -0.878031 0.920566
606 0.384414 -0.015192
656 -0.232329 -0.435701
685 -0.116038 -0.267664
757 -0.343614 -0.264376
784 -0.948171 -0.733951
939 -0.177162 -0.331958
951 -0.666239 1.330851
985 0.405804 -0.615130
1151 -0.457914 -0.329307
1205 -1.110576 -0.951511
1316 0.087556 -0.023033
1432 -0.867118 -0.752638
1469 0.290661 -0.930524
1476 0.265515 0.272337
1486 -0.395016 -0.336497
1532 -0.167730 -0.823337
1686 1.097895 -0.991391
1875 0.094474 -0.148999
1915 -0.365373 0.444399
1974 0.951358 -0.262114
1992 0.922341 -0.150462
2036 0.084484 -1.137134
2152 -0.959808 -0.300990
2158 -0.985311 0.582739
2178 -0.012359 -0.243703
2188 -0.654474 -1.010554
2189 -0.000422 -1.485609
2284 -1.046960 -0.073242
2285 -1.119326 -0.601634
2298 0.841616 -1.365654
2322 -0.171499 -0.380746
2342 -0.161117 -1.114708
2390 1.212471 0.195656
2402 -0.805160 -0.507273
2413 -0.242288 0.216725
2564 -0.536852 0.723729
2641 0.678879 -0.701641
2648 0.118731 -0.673973
2653 0.056651 0.463860
2701 0.218258 -0.662315
2738 0.039552 -0.227022
2809 -0.336240 0.081333
2838 0.586855 -0.566019
2851 -0.028343 0.937599
2860 -0.628809 0.893405
2965 0.946052 0.552627
2999 0.013663 -0.975993
3035 0.062713 -1.714422
3095 -0.847268 -0.959380
3109 0.480430 -0.592972
3276 -0.089311 -0.266518
3320 -0.229304 -0.498220
3329 -0.419164 -0.712520
3373 -0.353898 0.153879
3395 0.041787 -1.161474
3490 -1.142093 1.017916
3524 1.119411 0.119570
3764 -0.201216 -0.115808
3788 -0.668684 -0.334955
3844 -0.502978 -0.577649
3880 -0.608971 -0.840651
3932 -0.300057 -0.005852
4041 -0.652702 0.027084
4053 0.056357 -0.131198
4079 0.277877 -1.664395
4115 0.210800 -1.447020
4150 -0.611283 0.034402
4177 0.012566 0.368543
4288 0.035402 0.067081
4296 0.369348 -0.242303
4343 0.342069 0.272293
4357 -0.369811 0.264409
4405 0.263722 0.461917
4410 -0.355886 0.169843
4436 -0.515372 0.519399
4600 -0.637201 0.115354
4642 -0.837925 0.474197
4715 -0.714526 -0.449381
4748 1.044290 1.147060
4797 -0.394821 0.217379
4933 -0.115458 -0.198850
4938 0.105513 0.456850
5048 -0.549566 -0.481737
5066 -0.753171 0.387976
5068 -0.903973 -0.110171
5115 0.481780 -1.017651
5118 0.459129 0.058552
5124 0.933528 -1.361116
5382 0.017142 -0.479974
5404 0.512397 -0.585772
5440 0.134312 -0.607508
5460 -0.072992 0.462091
5463 -0.862989 -0.212848
5498 -0.775591 0.711782
5539 0.898619 0.601277
5541 0.038016 1.566117
5542 -0.499509 0.867825
5556 1.125202 -0.279478
5565 0.473037 -1.040280
5589 -0.641738 -0.816979
5605 -0.056214 -0.001413
5707 -0.454718 -0.125964
5759 -0.747281 -0.429944
5907 -0.215315 -0.286882
5936 0.957756 -0.324104
6029 -0.884905 -0.548915
6056 -0.771254 -0.324624
6064 -0.956723 -0.184671
6135 -0.271420 1.575354
6201 -0.227578 -0.034356
6240 0.567671 -0.071549
6392 0.226461 -1.143091
6472 -1.131352 -0.764529
6476 0.430263 0.379479
6544 -0.986999 -0.375895
6581 -0.085764 -0.868210
6709 0.967492 -0.527576
6765 0.146924 1.409899
6846 0.294054 0.026505
6856 -0.499752 -0.209904
6905 0.362349 -1.081299
6913 -0.465638 -0.073854
6919 -0.559641 0.573461
7121 0.237289 -1.333363
7253 -0.455597 -0.420876
7297 -0.155538 0.091125
7376 0.944953 0.818807
7395 -0.112391 0.716919
7456 0.136703 -0.153497
7514 -0.532983 0.532182
7982 -0.928959 0.726740
8013 0.478850 -0.125479
8048 0.002203 -0.584753
8052 0.210547 0.517261
8130 0.676574 0.051433
8330 0.883114 -0.355062
8385 -0.349116 0.460056
8561 0.272730 -1.188127
8581 0.771536 0.808359
8588 -0.107463 -0.956903
8726 0.431624 0.125625
8815 0.983231 -0.509899
9033 -0.312390 1.380912
9072 0.225042 0.488931
9140 0.630982 -0.112661
9163 -0.051023 -0.493958
9293 0.318034 -0.428320
9387 -0.233479 -0.116289
9485 -0.880969 -0.528323
9538 -0.687618 0.416410
9539 -0.743101 -0.069099
9706 0.751109 0.451900
9761 0.299452 0.682866
9770 0.633486 1.181176
9771 -0.278500 1.663070
9821 -0.485321 -1.360650
9852 -0.093220 0.307632
9880 -0.436651 0.036106
9881 -0.462283 -0.476663
9885 0.079582 -0.559508
9961 -0.515223 0.621521
9991 -0.065371 -0.677087
10002 0.672643 -1.170601
10132 -0.406710 1.102391
10190 -0.109945 -0.264234
10250 -0.812080 -0.445171
10297 -0.336097 0.165109
10299 -0.070896 -0.236014
10338 -0.240997 0.482171
10356 -0.152726 0.336403
10357 -0.437254 0.301152
10532 -0.365902 -0.799169
10566 -0.195261 -0.194133
10572 0.027192 0.248217
10585 0.185822 -0.552627
10680 0.368875 0.331848
10714 0.417693 0.158778
10741 0.961905 -0.206250
10747 0.061670 0.022462
10756 -0.620206 -0.301224
10759 0.857116 0.249603
10761 -0.105533 1.294404
10877 0.626222 0.721879
10966 0.350199 -0.340404
10983 -0.011741 -0.097989
11037 0.158252 -0.522301