9 -0.359103 -0.083976
37 0.038615 0.382313
50 0.735678 1.328580
71 -0.773166 0.246754
148 0.561171 -0.059260
222 0.390125 1.076152
241 -0.009717 0.478529
272 -0.556271 -0.738621
388 -1.168695 -0.717462
459 -0.472908 -0.579579
469 0.242692 0.359665
470 0.224856 -0.110602
480 0.904984 0.193095
556 -1.114222 1.057734
616 0.486584 -0.260589
651 0.310942 0.000680
657 -0.389008 0.527186
762 0.393577 -0.094565
765 -0.318454 -0.801847
806 0.808589 -0.393057
821 -0.619576 -0.958676
837 -0.416261 -0.120808
874 -0.900124 -0.185610
917 -1.069355 -0.162050
955 0.275635 0.173978
1035 -0.791531 -0.009456
1052 -0.716957 0.072532
1097 -1.148501 0.881977
1099 0.231942 0.055638
1291 0.626694 -0.711350
1393 -0.427031 -0.005332
1424 -0.137313 -0.948205
1475 -0.634375 0.843624
1532 -0.009392 -0.797892
1612 -0.773740 -1.407131
1651 0.830914 -0.719224
1661 0.081174 0.081916
1751 0.610620 -0.529970
1785 0.291045 -0.746759
1826 -0.860140 -0.587562
1840 0.666365 -0.404718
1906 -0.506869 1.323605
1987 0.078284 1.152001
1992 0.819290 0.216285
1996 -0.543355 1.244710
2026 -0.853656 0.476756
2069 -0.618750 0.846304
2074 0.194854 -0.052850
2117 -0.440571 -1.559486
2118 0.488996 -0.807776
2192 0.890434 1.386506
2232 -0.257121 0.234324
2234 -0.331157 -0.466140
2291 0.652917 -0.466121
2307 -0.104861 -0.409232
2382 0.491905 1.201060
2480 0.833117 0.682422
2587 0.367900 -0.497856
2652 0.064521 0.879835
2688 0.523217 0.166152
2751 0.142937 1.585280
2795 0.582219 0.567945
2800 -0.648219 0.060765
2874 0.292349 -0.957928
2876 0.467200 -0.050104
2908 -0.787379 -1.372232
2949 -0.274090 1.361949
3089 -0.021297 -1.087645
3129 0.370241 1.893486
3156 0.060075 0.295553
3195 -1.022778 0.127671
3236 0.431078 0.480387
3262 0.435813 -0.804834
3281 0.055464 -0.077270
3398 0.965454 -0.145970
3549 -0.158101 -0.980690
3643 0.193777 0.758181
3677 0.652076 -0.055975
3705 0.360273 0.826358
3744 -0.405216 0.584530
3780 -0.166185 -0.473236
3978 0.110014 0.177005
4143 -0.266440 -0.218743
4198 0.500113 -0.859426
4261 0.516878 0.295947
4422 0.273110 -0.350265
4439 -0.023445 -0.877549
4495 0.357272 0.006941
4509 -0.408514 0.323382
4512 0.861785 -0.009339
4518 -0.448795 -0.319399
4551 0.043567 1.189840
4666 0.561851 0.403196
4709 -0.600778 -1.778757
4737 -0.277900 -0.463531
4792 0.257652 -0.132004
4820 0.553368 0.635665
4873 0.996637 -0.018777
4889 -0.648157 -0.831237
5091 -0.389126 0.799596
5093 -1.112288 -0.801862
5124 0.317545 -0.213385
5215 0.772588 -0.231031
5265 -0.626013 -0.517441
5295 0.371671 -0.800649
5385 0.075603 -1.131163
5406 -0.173183 0.992756
5532 0.399872 0.326930
5635 -0.108531 0.268317
5669 -1.116957 0.821591
5700 0.753014 -0.022181
5706 0.311289 0.618172
5799 0.256172 -1.225904
5805 -0.322489 -0.760604
5995 -0.222690 -0.495061
6023 -0.538255 -0.872826
6057 -0.336583 -0.010530
6070 0.527503 0.316596
6112 -0.724531 -0.026891
6317 -0.942642 -0.805853
6328 -0.897876 -1.415169
6332 0.561007 -0.189583
6339 0.194919 -1.160519
6355 0.034223 -0.689556
6420 0.619458 -1.329217
6432 -0.156306 0.739018
6461 -0.471905 0.763867
6482 -0.151705 -0.483201
6484 0.481237 -0.053225
6553 -0.106506 0.288588
6567 0.066029 1.680431
6606 0.221137 -0.172217
6663 0.085340 -0.407122
6670 -0.914224 -0.172426
6713 -0.596952 -0.692301
6731 -0.576206 -0.195425
6783 0.421647 1.239706
6848 -0.250527 0.743322
6857 -0.466067 0.694062
7082 -0.391540 0.194308
7170 0.320609 0.700916
7271 -0.437416 0.667165
7314 0.029633 1.007766
7351 -0.379078 1.111494
7360 -0.915959 1.476210
7366 0.049756 -0.132368
7371 -1.095499 -0.090214
7374 0.334889 -0.457852
7404 -0.215641 0.524876
7474 0.422936 -0.337929
7555 0.482049 -0.247407
7622 -0.496172 0.701384
7753 0.879465 0.768162
7767 -0.890786 0.824021
7779 0.274713 -0.735565
8054 -0.738160 0.764374
8183 0.026114 -1.687313
8210 -0.407605 -0.251587
8289 -0.883264 0.314074
8301 -0.009793 -0.297253
8310 0.555619 -0.165460
8354 -0.473820 -0.692353
8406 0.070739 -0.403713
8426 0.198879 -0.279920
8442 0.079349 0.677519
8452 -0.593021 0.264810
8492 0.370549 0.820211
8508 1.031039 -0.105543
8570 0.046472 -0.897476
8583 0.193008 1.023621
8735 0.659227 0.525122
8807 0.630427 -0.304680
8811 -0.390350 -0.498151
8848 -0.757350 -1.126727
9076 0.673139 0.372669
9112 0.527230 -0.161311
9123 -0.145164 1.208738
9128 0.137059 -0.287889
9141 0.128418 1.575496
9177 -0.608852 1.180576
9229 0.915834 0.395199
9246 1.009287 -0.385480
9279 -0.422415 0.389871
9318 0.957949 0.265969
9319 0.804720 0.598030
9353 -0.632010 -1.481460
9393 -0.354952 1.797904
9440 -0.986890 -0.104126
9534 0.952657 -1.172504
9730 -0.819660 -1.198371
9797 0.569003 -0.598906
9911 -0.575003 -0.650960
9923 0.702975 -0.421662
9940 0.795911 -0.038630
9985 0.457462 -0.284813
10052 -0.789979 0.838668
10073 -0.594162 -1.637036
10093 0.465460 -0.698518
10149 -0.409248 1.059752
10206 0.266631 0.351424