16 -0.634143 0.574034
17 -0.714256 0.083862
94 0.546891 0.028419
118 -0.617871 0.034891
208 -0.778064 -1.076596
211 0.632172 -0.509718
313 -0.164207 0.805064
376 -0.671196 -0.311139
395 -1.159564 0.939611
517 0.660190 -0.142227
523 -0.088606 -0.673994
536 0.655001 -0.253460
540 -0.332252 0.585890
546 -0.107321 0.985242
570 0.332388 -0.009050
585 -0.397497 -0.148889
606 0.539554 -1.120353
686 -0.248009 -0.113664
746 -0.921711 -0.068484
751 0.428990 -0.118489
813 -0.155167 -0.952636
842 0.591812 0.747765
870 0.453795 0.731200
894 0.947474 -1.318029
967 0.327174 -0.521155
1065 -0.151786 -0.072084
1080 -0.213922 0.571834
1099 -0.211931 -0.499505
1230 0.388603 1.109670
1234 -0.397730 0.043826
1261 0.027541 -0.046888
1279 0.241525 -0.673484
1302 0.226754 0.776619
1391 0.014166 0.277467
1625 0.674690 -0.094643
1694 -0.341570 -0.333600
1737 -0.982749 0.240177
1742 0.414071 0.670081
1881 -0.930999 0.211602
1955 0.201248 -0.656672
1963 -0.332757 0.380845
1996 -1.110262 -0.372729
2008 -0.858061 -1.078112
2029 0.918646 0.447783
2100 0.851923 -0.880683
2118 1.190832 0.389030
2122 -0.402827 0.804942
2125 0.023229 -0.433942
2131 0.006141 0.298478
2165 0.086423 0.117251
2207 0.305005 -0.604886
2209 0.946508 1.024990
2213 -0.404408 0.564143
2215 -0.446324 -0.431595
2328 -0.047441 0.992869
2341 -0.394419 -0.543792
2393 -0.698643 -0.823015
2403 -0.897787 0.692925
2417 0.648354 0.161910
2452 0.245768 -0.006276
2539 0.271536 0.254843
2548 -0.400337 -0.096597
2565 -0.702341 -0.612489
2611 -0.434961 -0.340203
2660 0.545227 0.800341
2853 -0.909673 -0.542414
2988 -0.192073 0.000919
3095 -0.564807 -0.360891
3143 -0.037485 -1.638070
3157 -0.033005 -0.006147
3201 -0.475865 0.428737
3206 -0.440374 -0.336493
3308 0.484512 0.539792
3423 0.326141 -0.324633
3442 0.698943 -0.472425
3482 -0.830531 0.702247
3559 0.720776 0.696707
3594 0.735667 0.022926
3609 -0.705370 -0.445915
3645 -0.386240 0.320843
3654 0.034466 0.424733
3720 0.455634 -1.113082
3744 -0.169088 0.431462
3876 -0.142159 0.611925
3949 -0.037887 0.002272
4073 0.534223 -0.180984
4098 0.863850 -1.400685
4114 -1.099844 0.321181
4190 0.722146 -0.113129
4227 -0.633307 1.395861
4284 -0.414932 -0.239609
4359 0.503442 -0.752312
4409 -0.571836 0.347648
4431 0.305069 -0.830920
4440 0.808351 -0.861777
4451 0.529815 0.463021
4490 -0.667124 -0.276979
4508 -0.406258 -0.342583
4543 -0.125984 -0.036024
4567 0.417696 -0.389407
4659 -0.374005 1.256322
4740 0.004961 0.418649
4928 0.587427 1.103557
4955 0.051795 0.448264
4995 -1.046984 -0.502805
5098 0.230924 0.479146
5168 -0.079837 -0.673984
5173 -0.096292 0.496284
5194 -0.713376 -1.262117
5201 -0.744524 -0.809633
5256 0.130102 -0.120764
5336 -0.593413 -0.189020
5507 -0.709878 -0.235750
5555 -0.303947 -0.749493
5699 -0.283765 -0.913373
5773 0.500343 -0.518812
5841 -0.917407 0.483682
5981 0.675400 0.443425
6029 -0.738153 0.159876
6065 -0.946348 0.638895
6079 0.725169 -0.460866
6109 -0.092733 0.924480
6120 0.029879 -0.290852
6127 0.012013 0.163103
6196 0.247947 -0.211655
6220 -0.943237 0.005688
6260 0.786331 -0.377330
6291 -0.841883 -0.408588
6356 -0.151021 -0.306848
6359 0.333385 0.371214
6415 -0.235244 0.864279
6423 -0.422606 1.455499
6452 -0.319302 0.606584
6463 0.019997 0.261363
6465 0.266699 -0.122142
6539 0.406022 -0.475713
6644 -0.064515 -0.943833
6674 0.551822 1.112271
6687 -0.859687 -0.922464
6710 1.023035 0.019554
6767 -0.755942 0.806544
6827 0.163010 -0.352945
6841 -0.167476 0.236707
6848 -0.670094 0.640319
6925 0.944300 -0.424310
6976 -0.413101 -0.336666
7198 -1.071969 -0.024741
7323 -0.486083 0.895489
7347 -0.236026 -0.573389
7356 0.361174 -0.482887
7392 0.555637 0.125214
7453 0.004792 -0.298126
7454 -0.006721 -0.725578
7523 -0.659159 -0.353400
7549 0.093938 0.147012
7560 0.236018 0.000830
7602 -0.001935 0.228371
7665 -0.532349 0.549614
7681 0.648917 -0.814294
7701 -0.481155 0.960798
7848 -0.225521 -0.205646
8025 0.028031 1.543610
8034 0.286660 1.111572
8055 -0.721471 0.652033
8120 0.163659 -0.111693
8122 0.628411 0.501753
8126 -0.357128 0.653717
8167 0.273400 0.435554
8198 -0.789896 0.134493
8252 -0.743068 0.481692
8335 -0.242694 -0.249092
8351 -1.053099 -0.275657
8363 0.291442 -1.753770
8455 0.482173 -0.137118
8466 -0.235018 0.559964
8502 0.387864 0.920626
8526 0.570725 -0.164403
8595 -0.458520 0.391422
8610 -0.116983 1.003079
8882 -0.721369 0.303554
8954 -0.200984 -0.467567
8968 0.285946 -0.083046
9014 0.904765 0.887975
9016 -0.627284 0.755394
9136 -0.602621 -0.145123
9138 0.854289 -0.008564
9251 -0.440004 -0.764070
9257 0.511853 -0.418521
9416 0.072333 -0.306919
9526 0.538841 -0.911119
9557 -1.162557 0.052339
9563 0.179970 -0.404488
9625 0.424257 -0.040393
9634 0.047671 0.063233
9647 -1.269539 0.509333
9754 -1.190139 -0.109196
9800 -0.670185 -0.518527
9909 -0.979109 -0.719125
9953 -1.073413 0.270547
9980 -0.640524 0.372554