24 -0.101149 0.306317
43 -0.340639 0.867916
124 -0.638581 0.523274
139 0.462175 -0.596447
218 0.064729 -0.716880
238 0.351072 -0.739462
326 -0.297833 -0.570335
367 0.101242 0.827041
411 -0.385518 0.862551
413 -1.129022 -0.375467
466 -0.490557 0.141268
486 -0.006364 -0.334053
500 0.753676 -0.052942
529 -0.054647 0.486118
589 0.442542 -0.416683
619 -0.054221 0.827581
662 0.984637 -0.179549
692 -0.559909 -0.635139
738 -0.392494 -0.040737
754 -1.093790 0.167647
926 -0.339677 -0.518135
1041 -0.337672 0.550087
1060 -0.649611 0.910177
1064 -0.109668 -0.374603
1076 0.800467 0.808625
1128 0.945046 -1.003625
1135 0.047145 -0.194049
1167 -0.008419 1.219394
1203 -0.086302 1.187084
1259 -0.876820 0.795884
1304 -0.856916 -0.287542
1309 0.447557 -0.243025
1323 -0.240307 0.046862
1324 -0.393287 -0.348029
1415 -0.278656 -1.201882
1428 0.279580 0.787542
1445 0.653144 -0.552370
1468 -1.128014 -0.291597
1494 -0.280481 0.148788
1497 0.020902 -0.487051
1527 0.043152 1.687389
1528 -0.454182 1.160535
1570 0.816140 0.081434
1686 0.971786 -0.475284
1696 0.602435 -0.807673
1735 -0.233191 0.758448
1760 0.407295 0.450679
1767 -0.143898 -0.895134
1870 -0.923489 0.023768
1874 -0.412788 -0.224022
1905 0.101896 0.515654
1922 0.977281 -0.057423
1953 -0.842231 0.255108
1973 -0.020714 -0.894199
1990 -0.960423 0.186627
2036 -0.181503 -0.023037
2039 0.216451 0.737054
2264 0.680741 0.713545
2291 0.650733 0.614775
2301 0.024368 1.434619
2334 0.622386 -0.621919
2338 -1.027104 0.132605
2350 -0.289371 -1.068270
2413 -0.296771 -0.334415
2429 -1.021180 -0.423226
2458 -0.448224 -0.595098
2511 -0.374846 0.160730
2539 -0.342939 -0.370903
2601 -0.210344 -0.461597
2660 0.765688 1.138608
2724 0.158962 1.142591
2904 0.155139 0.263101
2924 -0.286531 0.554176
2946 0.890339 -0.977362
2976 0.112292 0.004475
2995 -0.388884 1.119105
2999 -0.202653 -0.509358
3035 -0.212408 -1.233111
3061 0.149119 -0.155898
3092 0.350172 0.409153
3163 0.833193 0.058459
3193 -0.016747 0.176875
3211 0.119152 0.773883
3275 -0.894544 -0.835914
3379 0.461955 -0.424979
3419 -1.016769 -0.457714
3420 0.180211 0.253879
3668 0.478297 0.457451
3680 -0.637893 0.026487
3688 -0.789512 0.405317
3750 0.253221 0.828660
3760 -0.571515 0.780244
3876 0.238137 0.342832
3896 -0.938310 0.339370
3976 -0.967235 -0.266057
3981 -0.028656 -0.123128
4087 0.237453 0.012590
4176 0.099789 0.365771
4210 -1.032912 -0.154438
4221 -0.701997 -0.124331
4381 -0.012587 0.759197
4394 -0.073789 -0.917090
4450 0.449798 0.464519
4521 0.410602 -1.204339
4604 1.013768 -0.001375
4611 0.380955 -0.839485
4616 -0.422051 -0.199529
4636 -0.572104 -1.105198
4702 0.654089 0.572052
4874 0.476201 0.582555
4906 -0.734907 0.154894
4939 -0.354542 0.202234
4984 -0.965528 1.426411
5034 0.813269 0.348185
5167 0.131401 0.137653
5189 0.100144 -0.097887
5255 -0.741825 -0.737145
5321 -0.130912 -1.438458
5328 -0.482267 0.088270
5396 0.714681 1.204168
5455 -0.110893 -0.100193
5472 0.255618 -0.123654
5479 0.201932 0.369387
5688 0.131787 0.409560
5736 0.982834 -0.321802
5745 0.342500 -0.402985
5751 -0.484111 0.003706
5847 -0.045749 0.696504
5848 -0.625718 -0.043279
5909 0.126854 0.197985
5924 -0.319804 -1.101544
5973 -0.101216 0.771943
6021 -0.955950 -0.144983
6149 0.259965 -0.908649
6236 -0.253874 0.030998
6274 -0.520641 -1.194782
6284 0.009504 -1.034873
6370 -0.529370 0.803132
6377 0.021359 0.288657
6390 0.057765 -0.392399
6444 0.142414 0.577621
6463 0.215917 0.474591
6621 -0.242517 0.946574
6626 -0.099564 -0.244055
6654 0.811033 0.200619
6664 0.395293 0.158597
6669 -0.641660 0.174553
6735 -0.013227 -0.124765
6742 -0.870098 0.131050
6834 0.788062 -0.079159
6892 -0.809542 -0.247035
6904 -0.944254 -1.421694
6909 -0.489251 0.578350
6924 0.578687 -0.283843
7050 0.976278 -0.176916
7052 0.888158 0.686637
7057 -0.236865 -0.754078
7104 0.774251 -1.305160
7139 0.336071 -1.505202
7210 -0.839153 -0.258834
7312 0.324471 0.263040
7338 0.912627 -0.161773
7367 0.265234 0.215829
7411 0.369154 -0.198998
7510 0.287643 -0.670302
7536 0.673951 -0.790503
7563 0.159028 -0.671879
7566 0.081263 0.437508
7605 -0.241733 -0.238069
7610 1.052286 0.395752
7613 -0.453232 -0.109331
7628 1.006957 0.171721
7635 0.076999 -1.065313
7644 0.620300 -1.059862
7658 -0.821614 0.161187
7667 -1.026626 0.052701
7709 0.563797 -0.269648
7722 -0.162928 0.057101
7728 0.061265 0.539630
7736 0.671066 0.464129
7753 0.583935 0.284862
7764 0.403781 0.920936
7776 -0.277302 0.392865
7834 0.435854 -0.653091
7845 -0.167428 0.591300
7910 -0.842069 0.455401
7942 0.170453 -0.141725
8034 -0.220593 0.715260
8172 0.167696 -0.333217
8188 -0.506552 -0.018602
8226 -0.187545 0.695721
8348 0.867555 -0.050627
8507 -0.359936 -1.330308
8608 0.423515 -0.375936
8653 0.936300 0.020703
8830 -0.793774 0.227604
8941 1.146196 -0.292814
8947 0.202267 0.269130
9132 0.203557 0.170185
9235 -0.273874 0.254464