90 -0.272831 0.142299
92 -0.327128 -0.546132
162 -0.282006 0.558486
172 -0.920904 0.401270
199 0.038574 -0.578761
229 0.842459 0.460886
328 0.536307 0.287260
332 -0.443946 0.569836
342 0.082836 -0.323536
361 -0.164719 -0.317188
398 0.057842 -1.277446
478 -0.503552 -0.631913
663 0.390921 1.484332
721 -0.401677 0.354029
921 0.509844 -0.763257
942 -0.031765 0.682972
984 1.158816 -0.974135
1016 -0.450149 0.295101
1119 0.174656 -1.123493
1155 -0.165644 -0.990109
1248 -0.171786 1.008688
1283 0.502198 -0.378838
1396 -0.972875 0.039175
1440 -0.218315 -0.071799
1501 -0.493660 0.445277
1503 -1.081184 -0.249286
1552 0.198884 0.155271
1555 -0.303070 0.893321
1570 0.244359 -0.003561
1577 -0.434659 -1.078570
1642 0.304205 0.487253
1643 0.291593 0.728741
1704 1.170698 0.200472
2044 -0.618452 -0.611844
2051 -0.610040 -0.061413
2081 -0.414485 -1.392813
2220 -0.224600 0.324612
2286 0.280388 0.317584
2333 -0.027611 -1.663928
2342 -0.417386 -0.227028
2343 -0.130790 -0.235206
2379 -0.067133 -1.020065
2407 0.829951 -0.965454
2456 -0.696560 -0.569166
2467 -0.017010 -0.532128
2516 0.396848 1.096594
2668 0.751812 0.294654
2681 -0.462758 0.362889
2722 0.201846 -0.061579
2866 0.123527 0.073421
2885 0.322213 -0.338399
3072 0.688104 -1.196135
3122 -0.887366 0.185716
3135 -0.157734 -1.000582
3171 0.461465 -0.863989
3294 -0.257825 0.201785
3337 -0.175613 0.654645
3375 -0.660982 -0.101158
3394 -0.737150 -0.216310
3423 0.312342 -0.125871
3490 -0.928024 0.801738
3532 0.179822 0.419015
3590 -0.651942 -0.493421
3598 -0.781228 -0.167579
3693 -0.178180 -0.141984
3821 0.046700 -0.386330
3881 -0.451313 -1.044168
3884 0.656176 0.711896
3898 -0.988511 0.677354
4067 -1.123687 0.610521
4133 -0.483018 -1.528504
4252 0.350218 -0.188947
4296 0.591204 -1.129736
4312 -0.436340 0.202873
4338 0.208195 -0.030319
4347 -0.343200 -0.254848
4410 -0.470353 0.015175
4501 0.226799 0.014395
4524 -0.061764 0.990239
4552 -0.584167 0.103445
4623 -0.289351 1.614418
4663 -0.059917 -0.413940
4669 -0.059154 0.316290
4749 0.012102 0.860215
4834 -0.614845 -1.096573
4972 0.614543 -0.082021
5011 0.288979 0.489815
5018 1.239919 0.477293
5043 -0.129312 -0.429895
5097 0.044563 -0.782288
5173 -0.057247 0.176806
5219 -0.475396 -0.607689
5243 0.288054 0.725844
5253 -0.160412 1.772856
5310 -0.424678 0.453519
5411 -0.532162 -0.566167
5614 -0.845147 -0.002279
5638 0.089776 -0.492790
5643 -0.967039 -0.768386
5646 0.520585 -0.856739
5736 0.449291 -0.303393
5771 0.177708 -1.649095
5792 0.949312 0.352460
5970 0.817573 -1.360077
6010 -0.946033 0.274464
6013 -0.059207 -0.640896
6114 0.594988 0.178198
6239 0.230156 -1.315175
6294 1.065435 -0.000727
6405 -0.064237 1.433164
6453 -0.907606 0.289950
6481 -0.132701 0.000514
6522 -0.144682 0.538396
6527 -0.399130 -1.249027
6570 -0.090212 0.574745
6586 -0.604176 1.186536
6589 -0.504986 0.050205
6844 0.368079 -0.202596
6845 0.340145 0.021696
6870 1.298167 0.544003
6948 -0.417920 0.116138
6952 0.123584 -0.087487
6995 0.319267 -1.732659
7033 0.226520 0.532949
7039 0.110351 -0.729115
7088 0.454898 0.680264
7098 0.026078 0.715405
7151 0.481532 0.043199
7153 -0.063658 0.485696
7186 0.673854 -0.712034
7213 0.649611 0.454419
7231 0.522651 0.765771
7374 1.044148 -0.838286
7377 0.055163 0.929781
7382 -0.534022 -0.623006
7491 0.611790 -0.525891
7568 -0.357185 0.338073
7584 0.327318 1.118848
7694 -0.438236 0.271390
7713 -0.255616 -0.496122
7722 -0.452480 0.062783
7725 -0.163251 -0.584205
7885 -0.432456 0.378487
7897 0.254494 0.536430
7915 0.912600 0.178392
7953 -0.273753 1.652170
8072 -0.518586 0.584421
8102 0.080520 -1.182964
8147 -0.406220 -0.683775
8251 -0.370362 0.011170
8281 -0.359488 0.422298
8306 -0.264338 0.423583
8345 0.040746 -1.569885
8375 0.445786 0.423065
8387 -0.755568 0.439633
8495 -1.226465 -0.017925
8496 0.148218 0.524394
8519 0.033107 0.152824
8521 -0.501616 0.606266
8595 -0.619411 0.614406
8601 -0.283646 1.712942
8614 -0.599499 -1.102816
8633 -0.268556 -0.814908
8768 0.122585 -1.110912
8848 -1.080612 0.369686
8858 -0.152377 -0.932271
8932 0.392936 0.268175
8933 0.372797 0.502474
8944 -0.673370 1.025462
9011 0.147492 -0.759646
9039 -0.229934 -0.388323
9088 -0.384899 0.165100
9103 0.656131 -0.443850
9106 -0.832960 0.056713
9121 0.292300 0.278350
9173 -0.006372 -0.880619
9375 -0.074589 1.246312
9449 -0.597782 -0.377124
9450 0.191095 -0.138981
9491 0.228041 -0.166528
9521 -0.880313 0.552177
9541 -0.286677 0.174093
9561 0.334836 -0.983034
9774 0.272906 -0.027957
9798 -0.044114 0.390950
9800 -0.840413 -0.040124
9804 0.755805 -0.812491
9817 -0.039011 0.044544
9916 -0.998871 1.212663
9952 -1.065398 1.219728
10199 -0.457423 -1.061404
10274 0.877304 0.854338
10295 -1.019892 0.852874
10310 0.585037 1.092794
10318 0.733430 -0.657027
10342 -1.002234 -1.201137
10416 0.803290 0.734907
10498 0.147170 -0.274464
10526 0.526289 0.859929
10539 -0.375114 -0.025409