275 0.041150 -0.093279
287 -1.189936 -0.520472
422 -0.925218 0.224989
507 0.440393 -0.655382
676 -0.851533 -1.023869
775 -0.193798 -0.522069
806 0.782557 -0.401590
859 0.622619 0.191151
924 0.251960 0.419856
1017 -0.735215 0.069667
1040 0.688510 -0.292013
1060 -1.081299 -0.215283
1093 0.631613 -0.092073
1102 0.358473 -0.745478
1126 -0.475507 -0.298581
1172 -0.099958 -0.087257
1198 -0.626462 -0.654638
1205 -0.632432 -0.097227
1233 -0.659825 0.222876
1235 -0.343362 -0.841247
1246 0.764693 -0.134724
1345 0.213316 -0.505830
1356 0.078461 0.311819
1418 0.778120 -0.052823
1454 0.583021 -0.226396
1581 0.057219 1.095011
1686 0.592990 -0.485067
1777 0.417211 -0.641333
1808 -0.735753 -0.476272
1927 -0.134810 0.253342
1989 -0.621697 0.084255
2122 -1.170292 -0.152108
2143 -0.389877 -0.346134
2159 -1.071086 -0.560493
2196 0.112266 -0.182977
2224 -1.247956 -0.002324
2336 0.737136 -0.724976
2357 -0.782994 0.846579
2412 0.207851 0.294181
2414 0.116822 -0.422060
2422 -0.550519 -0.292762
2446 -0.565200 1.214410
2584 -1.078216 -1.376222
2616 -0.114077 0.138101
2653 -0.297850 1.002464
2679 0.147693 1.301366
2720 -0.583212 -0.701330
2756 -0.314822 -0.021165
2825 -1.091166 -0.771069
2842 -0.635521 1.038962
2890 -0.646584 -1.345837
3011 0.110380 -0.436088
3012 -0.014430 0.030011
3022 -0.814503 -0.429404
3031 -0.268418 0.209259
3275 -0.423972 0.448175
3313 -0.286493 0.085100
3342 0.176006 -0.893345
3416 0.502448 -0.172681
3445 -0.406700 0.660016
3512 -0.266489 -1.035417
3526 -0.714802 -0.109283
3593 -0.322013 -1.537625
3598 -0.655673 -0.019499
3610 -1.117075 -1.115709
3716 -0.305781 -0.255043
3724 -0.439187 0.104363
3733 0.280007 1.112068
3767 0.579650 0.630043
3803 0.012760 -0.388246
3806 -0.852994 -0.634570
3813 -0.155495 0.643421
3889 -0.414784 0.337444
3942 -0.061743 0.460024
3947 0.442827 0.414004
3996 0.067117 0.017033
4042 -0.685440 -0.727053
4065 0.517988 1.523906
4114 -0.952237 -0.608087
4140 0.173045 -0.217985
4196 -0.246041 -0.616167
4264 -0.809405 1.399031
4365 -0.455904 -0.020310
4373 -0.672968 0.113016
4394 -0.278140 -0.282284
4464 0.153689 -0.242677
4519 -0.230070 0.104114
4542 -0.074586 0.328318
4558 -0.021051 -0.653642
4587 -0.206421 1.141008
4590 -0.061237 0.519446
4623 0.048908 1.498571
4638 0.645058 -0.030824
4668 0.213223 0.997364
4669 -0.062201 1.066786
4711 0.835065 0.539607
4719 0.325343 -0.357176
4926 0.385822 -0.380985
5042 -0.643187 -0.748642
5208 0.240561 0.895442
5501 -0.680749 -1.713897
5532 0.556194 1.061913
5559 -0.176930 1.447181
5602 0.110532 -0.587384
5609 -0.663197 -1.603873
5635 -0.286161 -0.319853
5639 0.234126 -0.129119
5697 -0.319926 -0.589092
5739 0.393705 1.521828
5762 -0.614330 -0.598607
5904 -0.154643 -0.102448
5926 0.134795 -0.700190
5931 -0.740328 -0.875899
6012 -0.258122 0.025149
6055 0.137978 1.077286
6081 -0.205853 1.375464
6084 0.237266 0.347884
6107 0.745055 0.813596
6137 -0.942368 0.524821
6340 0.205272 -0.744919
6618 0.615534 -1.322682
6658 -0.956793 1.303802
6769 -0.185698 -0.644902
6786 0.015417 -0.404485
6806 -0.524171 -0.074102
6838 -0.695285 -0.233372
6855 0.317086 0.791476
6856 -0.571346 0.163662
6896 -0.356520 -0.807140
6962 0.483729 0.456239
6976 -1.116158 -0.484261
7053 0.529724 1.607939
7056 -0.435499 0.498748
7177 0.534810 -0.226727
7253 -0.492001 -0.455430
7260 0.309210 0.315147
7334 -0.528730 -0.296966
7407 -0.223388 0.539479
7474 0.281819 -0.767894
7585 0.205984 0.135653
7602 0.205028 0.796626
7670 0.128652 -0.187758
7711 0.301415 0.430403
7714 -0.493180 -0.670654
7725 0.094494 -0.884625
7740 -0.315694 0.055872
7931 -0.088686 -1.515594
7947 -0.475583 -0.574591
7984 -1.042814 0.305862
8004 0.907196 0.052746
8006 1.103219 1.042320
8083 -0.361950 -0.294216
8096 0.588366 0.163770
8147 -0.815481 -0.746439
8212 0.473344 -0.122585
8256 0.786447 -0.837312
8269 -0.256891 1.138443
8373 0.344355 -0.601919
8444 -0.043911 -0.429567
8485 -0.169980 0.325301
8506 -0.500741 -0.985980
8580 0.979821 -0.923781
8603 -0.790706 -0.834245
8668 -1.222845 -0.914443
8680 0.131772 -0.447872
8692 -0.967264 -0.084323
8695 0.036071 -0.602854
8768 0.220692 -0.039426
8774 -0.176510 0.782443
8784 -0.421463 -0.303116
8900 -0.713628 0.496359
8988 0.394964 -0.095150
9008 -0.708027 -0.245903
9011 -0.547416 -1.403131
9020 0.010789 -0.249384
9201 0.505578 -0.399142
9220 0.168547 0.376281
9243 -0.312483 -0.393648
9252 -0.168820 0.375883
9432 -0.266881 0.585625
9494 -0.327590 0.210083
9506 0.018037 -0.261926
9611 -0.460690 -0.315666
9618 0.224893 0.142764
9652 0.329853 0.193647
9673 -0.166261 0.413038
9691 -0.180928 0.539837
9725 0.352491 -0.570881
9733 0.517647 -0.787214
9797 0.140979 0.589708
9828 -0.265718 0.581004
9945 -0.795376 -0.750749
10031 0.597887 -0.696760
10141 -0.382958 0.377062
10224 0.264592 -0.101530
10240 -0.425435 0.299374
10317 0.364120 -1.008386
10450 -0.607368 -0.122373
10498 0.062627 -0.669918
10505 -0.628556 -1.705670