84 0.539504 -0.771113
231 -0.360552 0.955325
242 -0.966337 -0.592969
250 -1.072881 -0.391943
253 -0.490032 -0.236572
364 0.447465 0.523583
479 0.154788 -0.890870
498 0.294483 -0.648325
506 -0.406146 -0.954329
542 -0.106093 -0.192894
550 -0.739427 0.098571
552 0.687409 -0.019935
577 -0.517709 -0.072379
640 -0.837719 -0.043312
713 -0.301904 -1.759543
741 0.253101 -0.125311
840 0.667730 -0.195138
894 0.714682 -1.295305
950 0.742765 0.803615
958 0.184989 -0.611354
962 -0.834385 -0.581706
1093 0.575712 -0.305310
1095 -0.270454 0.965656
1116 -0.058112 0.416583
1117 -0.059014 0.164030
1139 0.108641 0.658348
1369 -0.413566 -0.288683
1443 -0.153494 -0.784441
1447 -0.385570 0.353891
1506 0.314336 -0.031155
1530 -0.229311 -0.243804
1572 0.612697 0.620699
1638 0.047659 -0.267426
1712 -0.262078 -1.211653
1750 0.539651 -0.777670
1805 0.072533 0.539151
1891 -0.447144 -0.518998
1951 -0.453576 0.224045
1963 -0.101010 0.380629
2063 -0.173694 -0.763934
2107 -0.281242 -0.270541
2174 0.620514 1.240053
2221 0.186327 0.202357
2230 -0.493294 0.076350
2234 0.089246 -0.105756
2259 -0.989383 0.420058
2363 0.655514 0.710993
2391 0.266114 1.784744
2401 -0.310500 0.949659
2431 -0.330000 -0.315650
2441 -0.522555 -1.271000
2540 0.111571 -0.782042
2571 -0.126875 0.821570
2578 0.282965 -0.134432
2725 -0.390599 0.617894
2784 0.455419 -0.117398
2941 -0.339227 0.343723
2953 -0.434044 -0.120477
3051 -0.232581 0.398957
3137 0.788340 0.154946
3161 -0.042354 -1.544167
3163 0.896976 -0.652161
3278 -0.358411 -0.230914
3331 -0.416784 -0.639600
3340 -1.014584 -1.403254
3399 -0.381702 1.675194
3404 0.116418 -0.928940
3460 0.358075 -0.674417
3478 0.642898 -0.009772
3529 -0.185269 0.330395
3548 0.121266 -1.050484
3648 0.693610 -0.163858
3668 0.420988 0.388980
3679 0.248533 0.423313
3740 0.535675 0.820847
3749 0.671607 -0.222363
3775 0.898589 -0.505400
3790 -0.713165 -0.719468
3837 -0.055221 -0.430760
3864 0.824838 -0.619208
4014 0.077602 0.119220
4032 0.208599 0.293021
4067 -1.073555 1.022295
4077 -0.311224 0.164933
4122 0.157695 0.445969
4152 0.839300 -0.023528
4222 -0.759936 -1.349008
4260 0.461982 -0.108038
4261 0.531229 0.510935
4271 0.546991 0.698422
4344 0.336428 0.890908
4349 -0.148855 -0.792700
4393 -0.398533 0.261494
4456 -0.945238 0.140164
4457 -0.411127 -0.729162
4530 0.427100 -0.278783
4581 -1.013291 -0.434428
4674 0.240587 -0.511740
4738 0.668759 0.127874
4807 -0.110244 -0.602136
4836 0.406892 -0.453044
4859 -0.823612 -0.588551
5005 -0.006196 0.132239
5018 0.828698 0.986225
5037 -0.345941 1.357796
5163 0.258426 1.653122
5219 -0.955043 1.074350
5263 -0.029522 0.754687
5280 0.481485 0.859686
5326 -0.371779 1.094410
5350 0.287050 0.397123
5381 -0.472400 -0.548322
5400 0.072046 -0.359519
5403 0.267376 -1.081353
5572 -0.873852 0.235523
5574 0.524978 -0.147481
5597 -0.448645 0.393111
5598 -0.394510 0.466975
5644 -0.520546 -0.767311
5744 0.002509 -0.611612
5828 0.865276 0.937320
5860 -0.633085 -0.195995
5876 -0.599114 -0.081915
5918 0.554644 0.636007
5941 -0.050460 -0.324799
5954 0.836173 0.249453
6004 -0.757896 -0.449808
6051 -0.300292 -0.541103
6057 -1.073735 0.027034
6089 0.111579 0.583132
6121 -0.400592 -0.634872
6231 0.061200 -0.129792
6386 0.704708 0.907020
6453 -0.339495 -0.516132
6570 -0.295423 -0.148256
6657 0.337458 0.983922
6694 -0.544337 1.053899
6710 0.575330 0.064862
6730 -0.676727 0.199565
6751 0.145733 0.393319
6760 -0.484562 0.185475
6790 0.170984 0.019530
6801 -0.234644 1.367866
6808 0.575648 0.400083
6841 -0.470044 -0.047456
6850 -1.229647 -0.134513
6892 -0.661908 0.725569
6894 -0.365216 0.623107
6958 -0.906944 0.312972
7007 0.062144 0.344212
7020 0.012479 -0.065071
7157 -0.005625 -0.747531
7164 -0.357157 -0.236204
7307 -0.990805 -0.505058
7364 -0.399271 -0.826638
7377 -0.137260 0.949940
7401 0.082748 -0.926195
7409 -0.328738 -1.456894
7457 0.436874 0.699681
7470 -0.038631 0.644273
7495 -0.165195 1.037782
7602 0.270478 0.002656
7671 0.528902 -0.127612
7685 -0.411700 0.548845
7739 -0.770025 -0.531743
7757 -0.698567 0.858104
7836 -0.106609 0.653542
7864 -0.476537 0.405468
7890 0.340704 0.168032
7951 0.624239 0.102878
8000 -0.564636 0.513249
8019 -0.744484 0.269616
8041 0.665796 -0.575653
8043 0.114378 0.917817
8087 0.888084 0.704520
8088 0.691860 1.041203
8092 -0.373459 -0.003467
8203 0.297564 -0.244773
8271 -0.280817 -0.572782
8272 -0.486491 -0.967744
8461 -0.097481 -0.383678
8642 -0.343775 -0.100812
8719 -0.443155 0.823926
8746 -1.242807 0.480223
8757 -0.527438 0.506907
8768 -0.261717 -1.106082
8839 -0.290103 -0.425112
8852 0.535270 0.263436
8882 -0.642019 0.805591
8883 -0.634820 0.570123
8954 -0.399679 -0.314510
9037 -0.115504 -0.737138
9074 -0.039125 -0.441910
9076 0.607918 -0.009596
9185 0.116188 -0.123342
9338 0.935783 -0.625897
9550 -0.890947 -0.051543
9594 -0.414627 0.520647
9636 -0.155813 0.140790
9727 0.193536 0.021150