6 0.179670 0.210903
114 0.143387 0.140555
160 -0.815923 -0.331788
181 0.188341 0.248865
274 0.127419 -0.118889
317 0.253443 -1.281881
341 -0.500949 0.627606
379 0.134208 0.074204
385 0.099023 0.765334
493 -0.239566 0.867441
552 1.092422 0.061350
662 0.389403 0.798125
748 -0.634453 -0.043815
856 -0.711330 -0.051642
878 0.507385 1.042816
1063 0.244090 0.400126
1089 -0.604425 -0.771606
1141 -0.357868 0.350259
1167 -0.556671 1.437373
1169 -1.119220 0.671476
1198 -0.361301 -1.128095
1265 0.412758 0.331406
1359 -0.859772 -0.559388
1429 -0.323765 0.279499
1545 0.065868 0.718820
1551 0.254281 -0.921622
1595 0.130374 -1.184729
1670 0.576124 0.383564
1732 0.315635 0.151822
1753 -0.447674 0.147463
1777 0.520316 0.556897
1794 0.977585 -1.557654
1907 -0.801353 0.609418
1937 -0.300722 -1.445981
2129 0.270982 0.053073
2147 0.521463 -0.225036
2173 0.529563 -0.702475
2179 -0.361691 0.080207
2209 0.395067 0.174694
2219 0.430823 0.456058
2279 -0.057623 -0.650249
2364 0.238034 0.986705
2372 0.820916 1.293420
2432 -0.122987 -0.181875
2475 -0.471790 -0.741902
2484 0.148192 -0.474402
2507 0.020473 -0.255550
2527 0.216764 0.288244
2597 0.065321 0.546657
2606 0.375974 0.877126
2623 0.309017 -0.344574
2682 -0.301579 -0.039353
2687 0.168236 -0.021523
2777 0.372009 -0.506667
2851 -0.394418 0.166490
3022 -0.520888 0.086072
3080 -0.396930 -1.060885
3156 -0.214226 0.496974
3191 0.161042 -0.167556
3376 -0.710533 -0.546215
3392 -0.831001 -0.628483
3650 0.355162 0.139088
3665 0.079282 -1.755871
3721 0.846293 -0.860331
3743 -1.039650 0.129635
3753 -0.255189 0.109823
3765 0.261730 -0.797119
3807 -0.207338 0.152482
3874 0.442855 0.074594
4046 0.754247 0.178075
4082 0.760082 0.695647
4116 0.370057 -0.909041
4139 -0.986381 -0.689993
4155 0.148460 1.401421
4178 -0.297804 -1.129473
4214 -0.306959 -1.081618
4218 -0.010251 0.033415
4221 -0.689449 -0.822418
4238 -0.958860 -0.357455
4362 -0.205296 0.707951
4374 -0.174075 0.245696
4415 0.052259 -0.345104
4429 -0.240679 -0.309840
4490 -0.432971 0.579667
4496 0.868262 1.069243
4508 -0.680359 0.175889
4604 0.801922 0.982505
4606 -0.662190 0.877189
4647 0.237359 -0.786611
4656 0.835266 -0.892866
4748 1.096886 0.570373
4862 0.029817 -0.406571
5005 0.001128 0.261454
5014 -0.618802 0.043811
5164 -0.623180 -0.319532
5206 0.206538 -0.159723
5302 -0.649220 -0.165972
5477 0.694686 0.147701
5657 0.671525 0.532534
5734 -0.751340 -1.183109
5804 -0.288615 -0.295684
5829 0.061704 1.719283
5886 -0.391658 -0.109869
5919 -0.172040 1.332321
5934 0.959399 0.862818
6075 -0.371910 -0.762170
6115 0.612168 0.651449
6124 0.197689 -0.467415
6223 1.131686 0.200302
6331 0.659015 -0.613367
6344 -0.380793 0.118735
6415 -0.218824 -0.021528
6463 0.152601 -0.654234
6510 0.717968 -0.121410
6512 0.547107 0.674350
6529 0.585147 -0.272001
6681 -0.189428 -0.328099
6689 -0.512666 -0.865981
6733 -0.076983 -0.347487
6742 -0.758759 -0.750077
6749 -0.765410 -0.319484
6799 0.925448 -0.031641
6861 0.337365 0.048143
6884 -0.923240 -0.106674
7022 -0.024519 -0.335224
7154 -0.218896 0.410682
7185 0.151587 -0.879478
7191 -0.539418 -0.588498
7211 -0.236527 -1.290703
7246 -0.701387 0.175909
7283 0.080689 -1.031875
7338 1.299688 -0.999547
7347 0.205790 -0.905588
7400 0.231265 -0.859599
7426 -1.094943 -0.102574
7452 -0.186798 0.594646
7542 -0.145630 0.363365
7547 0.304785 0.394212
7562 -0.163889 -0.139803
7614 0.175013 -0.425194
7619 0.577676 -0.525137
7650 0.202865 0.524461
7748 -0.890587 -0.363843
7756 -0.993697 -0.142356
7773 -0.440988 1.607703
7878 0.935424 -0.934775
7921 -0.366467 0.296902
7941 0.451637 -0.391619
8027 -0.753123 -0.401022
8056 -1.099078 -0.575919
8107 -0.382436 0.098218
8137 -0.045246 0.213675
8142 0.176729 0.852189
8170 -0.416933 1.049381
8179 -0.319387 0.514212
8229 0.498021 -0.428145
8269 -0.043240 0.791322
8321 0.402864 -0.177477
8345 -0.567871 -0.836891
8361 -0.237622 0.129362
8368 -0.396697 0.708605
8429 0.059247 0.123378
8442 -0.156593 -0.418207
8526 0.665226 -0.311655
8649 -0.931630 -0.140383
8717 0.231247 0.354973
8727 -0.328743 1.375776
8729 -0.927750 0.444618
8754 0.375134 0.699868
8791 0.010278 0.084039
8805 0.054038 -0.245169
8857 -0.350485 -0.415064
8858 -0.416549 -0.811050
8935 -0.047621 1.000712
9016 -0.467953 -0.004951
9051 -0.360201 1.695132
9134 -0.986356 -0.198191
9167 0.028115 0.547425
9182 -0.212306 -0.818231
9251 -0.813427 0.299546
9308 -0.449162 -1.049675
9449 -0.416650 0.331015
9546 0.269462 0.835785
9574 -0.931011 -0.041986
9615 0.142952 -0.334104
9735 0.018044 0.749314
9751 0.924762 -0.137106
9753 0.047685 1.010395
9903 0.053256 -0.237244
9906 -0.002961 0.759754
10047 0.415342 -0.983019
10118 -0.102650 -0.592234
10394 -0.806452 0.126777
10411 -0.070787 -0.008132
10571 0.018098 0.456518
10611 -0.200028 0.365259
10668 1.537430 1.376388
10712 0.065340 -1.086436
10729 -0.210411 -0.374606
10820 0.067915 -0.800370