135 -0.377134 -0.774373
140 0.659171 -0.294451
157 0.919948 -0.122996
185 0.705334 -0.042587
209 0.124360 -0.942639
268 -0.909364 0.082169
274 0.170378 0.210962
352 -0.738952 -0.747088
414 0.054000 0.404224
426 0.786027 0.043891
474 -0.195750 0.569823
651 0.127454 -0.253404
854 -0.708338 -0.209631
858 0.505898 -0.605728
886 0.081930 -0.203285
948 0.452699 -0.491338
996 0.359271 0.546087
1087 -0.213726 0.333464
1114 -0.743246 -0.184291
1222 -0.676131 -0.118838
1289 -0.066290 -0.906786
1357 0.216893 0.037770
1391 0.379147 0.538300
1400 0.699307 0.869171
1478 0.187647 -0.668367
1525 0.660851 -0.306326
1549 -0.304153 0.182697
1585 -0.245809 -0.466231
1616 0.346697 0.425350
1627 -0.380478 0.114561
1645 -0.433110 0.214753
1722 0.611642 -0.533708
1749 0.296722 -0.023357
1772 -0.722286 0.594371
1807 0.099227 0.505063
1885 0.596527 0.179112
1894 0.650386 -0.230855
1939 0.421607 0.081594
1947 0.023176 -0.033205
2001 0.380710 -0.989950
2149 0.069433 0.713393
2203 -0.220110 0.964217
2273 0.491642 0.147982
2331 -0.316557 -0.091352
2373 -0.265104 1.359134
2495 0.345588 -1.005725
2577 -0.059640 -0.875613
2637 -0.195964 -0.570624
2660 0.753890 1.153968
2694 0.619309 0.187015
2696 0.674012 1.113050
2703 -0.169937 -0.120237
2722 0.318725 -0.071529
2730 0.528254 -0.347236
2770 -1.004276 -0.398506
2777 0.252742 0.444932
2887 -0.255198 0.036530
2998 -0.581536 -0.278184
3004 -0.647613 0.607235
3123 -0.328288 -0.239730
3130 -0.514765 0.296283
3150 0.182410 -0.435303
3363 -0.578805 1.146048
3395 -0.199114 -0.555285
3397 0.517507 0.585742
3454 -0.450663 0.400948
3466 -0.798640 -0.652821
3534 0.024823 0.656849
3555 -0.799742 -0.101114
3565 -0.014255 0.217452
3640 0.587243 -0.127649
3804 0.370800 0.573569
3821 0.239387 0.652700
3931 -0.060862 1.147296
3937 0.763761 0.817641
3951 -0.242704 0.196940
3991 0.775010 -0.765808
4024 -1.087660 0.353345
4214 -0.127850 -0.943080
4313 -0.046700 -1.391374
4347 -0.948031 0.093212
4380 0.043029 0.288626
4385 -0.010542 -1.405410
4411 0.068489 0.315088
4487 0.065397 0.042397
4617 -0.890424 -0.777848
4621 0.291615 -0.409131
4733 -0.953032 -0.957126
4801 0.326933 0.246987
4909 0.562238 -0.301644
4984 -0.377355 0.695416
4997 0.277578 -0.660988
5038 -1.024074 1.111770
5193 -0.584480 0.479296
5233 0.336670 -0.512366
5238 -0.018928 0.216212
5312 0.165031 -1.145186
5366 -0.205508 -0.117436
5427 -0.581102 -0.746348
5444 -0.865943 -0.031709
5481 -0.675239 -0.743250
5483 -0.171818 -1.597952
5505 0.236097 1.197173
5511 0.490384 -0.143478
5598 -0.322701 0.314493
5623 0.109033 0.606495
5634 0.225232 0.405143
5746 0.068282 -0.484232
5842 -0.598420 -1.214749
5990 0.583847 0.790204
6097 0.391322 -0.571783
6119 -1.134344 -0.479470
6128 -0.303158 0.304364
6151 0.319816 0.270103
6230 -0.039894 -0.630863
6310 -0.784673 -1.022557
6337 -0.111978 -0.215995
6347 -0.092669 -1.193109
6397 0.195149 0.282010
6435 -0.602759 -0.798790
6442 -0.700417 -0.369584
6447 -0.158873 -0.487589
6481 0.211033 0.416186
6512 0.394991 0.138168
6524 -0.891156 0.285381
6542 -0.768017 0.693893
6564 0.591996 -0.353596
6591 0.508304 -0.323311
6602 1.085980 0.664140
6734 0.091877 -0.647463
6808 0.317083 -0.427406
7002 -0.427812 0.012847
7019 -1.127555 -0.274125
7085 -0.375357 -0.624067
7227 -0.868767 -0.279299
7315 -0.213850 0.382031
7368 -0.107236 0.007840
7394 0.722787 0.585702
7398 -0.385861 -0.088967
7404 -0.154370 0.339611
7462 -1.023895 -0.769373
7676 -0.865152 0.840125
7741 -0.398240 -0.611962
7774 -0.406996 1.092235
7779 0.413190 -0.084639
7782 0.415008 0.991101
7787 0.262222 -0.687245
7797 -0.199856 -0.945086
7822 -0.360983 -1.094304
7832 0.241374 -0.012801
8003 0.202036 -0.717682
8093 -0.426408 -1.257818
8252 -0.366578 -0.209171
8310 0.543533 -0.173482
8418 0.381938 -0.095109
8472 0.267739 -0.330599
8496 0.127979 0.558835
8625 0.335098 -0.013239
8658 -0.126182 0.289466
8731 -0.079447 -0.600761
8769 -0.046446 -0.466779
8867 -0.473089 -0.912539
8873 -1.185174 0.361188
9064 -0.840916 -1.112687
9121 0.488027 -0.583212
9368 -0.598710 0.108452
9369 -0.602115 -0.100549
9455 0.473393 0.031089
9465 -0.088674 1.022037
9497 -0.433498 -0.582521
9507 0.028052 -0.972382
9544 0.052718 -0.350127
9627 -0.047792 0.483832
9636 -0.116998 0.943604
9703 0.133014 -0.099053
9738 0.168717 -0.292530
9774 0.112536 0.268933
9809 -0.593576 0.049916
9854 -0.449612 0.093448
9863 -0.650284 -0.044391
9917 -1.141850 -0.289977
9974 -0.122602 -0.202878
10017 -0.565104 -0.170828
10128 0.770940 -0.908165
10217 -0.209178 -1.749321
10243 -0.461160 0.141695
10276 -0.394223 0.213629
10295 -0.848046 0.120650
10306 -0.383088 -0.241369
10309 0.998736 0.681734
10339 0.145805 0.929783
10423 -0.367872 -0.614244
10452 0.910450 -0.643333
10523 -0.343103 -0.599246
10524 0.449520 -0.006678
10525 0.333941 0.564102
10544 0.486868 0.280448
10552 0.403760 -0.413561
10580 0.330291 -0.018902
10590 0.249509 0.065878