46 -0.478845 -0.092301
101 -0.051885 -1.747746
178 -0.526369 1.069331
201 0.207824 -1.286675
227 -0.551337 -1.729027
257 0.621493 0.810752
364 0.208327 -0.802646
452 -0.387494 -1.229400
530 -0.302117 0.117894
601 -0.199932 0.945624
611 -0.994798 0.553232
620 -0.241557 -0.495090
642 0.475879 -0.726767
676 -0.472442 -0.635409
688 0.956751 -0.259024
758 -0.267404 -1.105000
896 0.739119 -0.183767
1002 1.292914 -0.460117
1018 -1.107620 0.443876
1024 -1.098295 1.507179
1165 0.751027 0.000983
1285 -0.109041 0.480676
1318 0.586246 -0.884376
1432 -0.524169 -0.088136
1490 1.052499 0.659230
1599 0.041401 1.471149
1607 0.450260 0.629891
1622 -0.254383 -0.845893
1670 0.911101 0.212699
1704 0.815925 -0.064168
1765 -0.186611 0.150511
1779 -0.112789 1.592296
1792 -0.967544 -1.099932
1816 -0.865164 1.330206
1837 -0.474006 0.113444
1843 -0.459801 0.901355
1937 -0.072769 -1.010111
1938 1.091976 -0.473001
1977 0.110251 1.666481
1994 0.750820 0.986722
2016 -0.436371 -0.076444
2027 -0.578523 -1.469948
2045 0.010186 -1.090776
2067 -0.259209 0.855171
2080 -0.675216 0.273503
2175 0.290205 1.473233
2216 0.170810 -0.217866
2291 0.432166 -0.642009
2327 0.135249 -0.118315
2336 0.615460 0.266779
2339 -1.227558 -0.829691
2382 0.393634 -0.102548
2423 -0.187999 -1.345711
2426 1.175500 0.364892
2616 0.305366 1.193040
2639 -0.435662 -0.745120
2749 1.084940 1.133987
2812 -0.012017 -0.475004
2865 0.371523 -0.340326
2893 0.443688 -0.863776
2946 0.524922 -1.634334
2982 0.180180 -0.841251
3103 -0.104182 1.138327
3131 -0.693088 0.560101
3157 -0.526045 0.575422
3167 -1.409674 -0.739444
3237 -0.095475 0.923589
3259 -0.456594 0.310071
3272 0.526430 1.008698
3286 -0.640207 -1.020895
3317 0.422055 0.362201
3375 -0.500325 0.300116
3393 -1.063706 -0.863738
3553 0.071373 0.808421
3704 0.873157 1.758922
3716 -0.300506 -0.581648
3730 0.209345 0.045453
3806 -0.313686 -0.483851
3828 1.161183 -0.660332
3876 -0.132598 0.143014
3903 -0.426156 1.834255
3947 0.359342 0.659897
3971 0.133072 -1.135489
4038 0.243460 1.265053
4062 0.386642 -0.310185
4129 0.283426 0.546832
4140 -0.505172 -0.333738
4222 -0.601630 -0.887826
4225 1.160332 -0.676544
4285 -0.277231 0.199048
4468 0.734008 0.657891
4489 -0.159391 1.253208
4508 -0.356831 0.766626
4586 0.495488 0.276562
4642 -1.156684 0.118154
4698 -0.159686 -0.543719
4807 0.082289 -0.378220
4958 -0.559193 -0.186533
4973 0.126533 -0.112992
4983 -0.477768 0.989686
5075 -0.891801 1.029663
5089 0.276676 0.627648
5199 0.134373 1.107773
5246 -1.108068 -0.367253
5292 -0.023055 -0.159485
5299 -0.038091 0.391479
5313 -0.218754 -0.223305
5394 0.721147 -1.550981
5403 -0.202862 -1.036283
5423 0.027871 -0.011749
5531 0.727595 0.495776
5553 -0.314439 -0.840519
5561 -0.523383 -0.791324
5573 -0.478837 -1.424534
5726 -0.359128 -0.045462
5738 0.556543 1.289652
5800 0.707024 -0.315894
5848 -0.829049 -0.494423
6037 0.061326 0.700744
6045 0.028607 1.353758
6077 -0.524711 -0.861230
6078 0.515605 -0.114759
6086 -0.115433 -1.196106
6126 0.586700 1.148379
6139 0.310363 0.287364
6146 -0.278278 0.641374
6233 0.391074 -0.541681
6292 -1.299614 -1.110264
6313 0.899863 0.500555
6342 0.378658 0.890394
6343 0.012024 0.843508
6361 0.256384 0.494473
6404 0.643475 1.122877
6486 -0.067607 0.845949
6491 -0.485821 -1.148861
6590 0.298659 -0.928608
6601 1.283471 -0.733264
6606 -0.472693 -0.352720
6719 0.645918 0.168530
6737 -0.016241 0.393036
6779 0.166855 -1.820755
6815 -0.406802 -1.647740
6883 -0.387034 1.053069
7062 -0.028896 -0.018463
7076 -0.506638 -0.494488
7099 -0.525204 0.530065
7161 -0.130258 1.938839
7204 0.676486 -0.736113
7206 0.388763 0.180601
7212 0.818128 -1.499378
7221 0.186004 -0.239370
7246 -1.141004 -0.231000
7291 -0.220259 -0.149403
7338 0.870212 -0.237165
7448 1.067636 -0.538469
7526 0.105167 -0.504358
7556 0.995413 1.266757
7557 0.056334 1.603780
7561 -0.568035 -0.379464
7631 -1.067036 -1.108345
7727 0.730198 1.128977
7755 -0.277291 0.838794
7802 -0.866164 -0.756575
7855 -0.210679 1.037389
8012 0.017273 -1.288199
8069 0.702368 0.084254
8078 1.072681 0.672540
8118 -0.236083 0.132370
8146 -0.873352 -0.475283
8280 -0.417342 0.657819
8286 -0.135416 1.127361
8366 0.539951 0.285911
8451 -0.771234 -1.063814
8502 0.171131 0.151509
8517 0.480688 -0.092516
8579 -0.121957 -1.912364
8613 -0.380368 -0.848916
8715 0.300721 -0.750576
8718 0.320772 0.645144
8750 -0.600951 -0.280438
8833 0.723943 -0.228161
8920 -0.541127 -0.161022
8958 0.667437 -1.119257
8967 -0.008891 -0.812043
9005 0.551249 -0.682437
9050 1.105716 0.218671
9117 -0.475315 0.657398
9315 -0.833339 -0.701004
9341 -0.424418 0.807710
9350 -1.027494 -0.060380
9391 1.183862 -0.058907
9488 -0.568810 -0.747405
9497 -0.565024 -1.353321
9512 -0.882490 1.126436
9520 -0.957533 1.755386
9553 0.842953 -0.640407
9595 -0.204969 0.372530
9665 -0.988058 -1.052333
9747 -0.928979 0.175624
9789 -0.626351 1.597631