199 -0.512198 -0.133482
350 -0.778857 -0.080242
407 0.085991 -1.625155
445 0.341030 -0.447689
506 0.198615 -0.665883
641 -0.379691 -0.711331
698 0.566128 0.339624
807 -0.601235 1.025656
809 -1.347230 -0.686501
816 0.442469 0.001817
827 -0.561683 -0.714605
859 0.819888 0.758663
881 -0.647149 0.950466
899 -0.688280 -0.666426
970 -0.953275 1.112724
990 -0.234043 0.324753
993 0.041937 -0.357343
1098 -0.419488 -0.477371
1163 0.141846 -1.622256
1211 0.550905 -0.311446
1253 -0.241247 -0.926461
1347 0.288165 1.290002
1404 0.304263 0.438156
1462 0.703711 0.029476
1471 0.998765 0.286560
1472 1.083493 1.067992
1484 -0.726042 0.608950
1529 -1.115687 1.225558
1682 -0.865420 -0.399815
1719 -0.869917 0.818692
1752 0.161128 0.386048
1817 -0.780627 0.071335
1861 -0.050893 0.796849
1869 -0.039251 1.454059
1957 0.906796 -0.210078
2267 -0.914777 0.966973
2274 0.181188 0.937783
2472 -0.035285 0.350174
2498 0.575835 1.397416
2504 -0.158581 -1.128506
2543 0.104790 0.560810
2646 0.001824 -0.312899
2649 0.262226 -1.008594
2665 -0.203139 -0.518093
2695 0.823887 -0.810578
2705 0.398585 -0.386328
2791 -0.166262 -0.418324
2794 0.419198 -0.386972
2821 0.997722 0.248039
2832 0.109199 1.044206
2863 -0.253719 -0.515200
2892 0.939193 -0.970120
2901 -0.132767 -0.811250
2942 -0.485630 0.149201
3024 -0.457168 0.367101
3052 -0.707866 -0.274083
3323 -0.157048 -1.645232
3380 0.464261 0.187763
3407 0.336579 -0.354570
3440 0.086323 -0.188728
3504 0.694624 -1.139496
3627 -0.261161 -0.399272
3693 0.318418 -0.925664
3747 0.562221 -1.284891
3787 -0.145876 0.281312
3839 0.468219 -0.338706
3858 0.033290 0.116307
3877 -0.221218 1.094104
3994 -0.909125 0.504829
4006 -0.597321 -0.796723
4066 -0.450373 0.321092
4130 -1.064501 0.174217
4146 0.288081 0.283517
4210 -0.648006 1.364271
4231 -0.175900 -0.353502
4250 0.083724 -1.115757
4283 -1.046442 -1.196762
4342 0.817165 0.297727
4364 -0.756784 -0.630632
4409 -0.802668 0.967700
4431 -0.231958 -1.117608
4596 0.259194 0.260795
4688 -0.248047 0.691673
4744 -1.148806 -0.051754
4804 -1.212900 0.211966
4835 -0.179349 -1.518296
4836 1.014437 -1.022095
4852 -1.109349 0.648492
4857 -0.529440 1.652856
4879 -0.472094 0.415428
4966 -0.754252 1.046908
5018 0.669922 0.491930
5085 -0.587609 -0.528213
5117 0.222282 0.134377
5126 0.599140 0.602107
5144 0.650790 0.723637
5243 0.030234 0.522284
5270 0.855352 -0.157068
5407 -0.461325 1.053198
5482 -0.569576 -0.364286
5547 0.019214 -0.914433
5562 -0.376691 -0.323764
5566 0.149208 -0.527483
5589 -0.844709 0.377346
5603 0.586491 -0.353783
5636 -0.459865 -0.695200
5640 -0.105893 0.537694
5641 -0.408199 0.576752
5655 -0.014612 -0.778775
5663 -0.333302 -1.466182
5680 -1.034393 0.228570
5778 -0.352400 0.470434
5860 -1.358814 -1.142014
5982 0.329199 0.972017
6141 -0.220690 -0.822312
6336 -0.079878 0.400165
6451 0.133543 0.036933
6468 0.097617 0.383048
6482 0.026381 -0.254821
6529 0.667236 -0.352290
6678 -0.141659 0.306005
6706 -1.299151 -0.041272
6790 0.599653 0.545347
6820 -1.132377 -0.323366
6872 1.084188 0.589859
6910 -0.427746 1.225763
6916 0.079637 -0.254891
7007 0.038958 0.039922
7169 0.461050 -0.187985
7186 0.734908 -0.811207
7275 -0.001303 -0.227307
7297 -0.551556 0.848187
7416 -0.332957 0.274452
7418 -0.357265 -0.470970
7557 -0.472064 1.303592
7603 -0.173394 0.677857
7632 -0.174627 0.690731
7658 -0.881246 -0.168595
7788 1.099667 0.658381
7803 -0.264970 -0.206605
7853 -0.051212 0.478531
7878 0.503424 -0.748332
7880 0.510109 0.355246
7939 -0.344170 -0.638708
8086 0.385433 -0.040251
8152 -0.944451 -0.588472
8164 -1.029658 -1.056918
8173 -0.339950 0.368380
8178 -0.215837 1.061267
8203 0.317379 -0.097127
8279 -0.912201 -0.993968
8532 0.178571 0.684987
8549 -0.511195 0.702829
8559 -0.918322 -0.061931
8628 -0.177424 0.534748
8648 -0.396829 -0.337422
8765 -1.093023 0.958618
8880 0.275637 0.060316
8959 0.562625 0.897102
8969 0.513145 -0.369281
8977 0.797641 -0.586121
8984 -0.229504 -1.001540
9016 -0.734046 0.028565
9055 -0.011422 -0.136637
9125 -0.815267 -0.938326
9177 -0.532205 0.554808
9232 -0.964620 0.079512
9299 -0.269654 -1.302356
9533 -0.527242 -1.077224
9554 0.432789 1.084318
9558 -0.243871 -0.112715
9627 -0.651827 1.707121
9701 -1.153282 0.268165
9832 0.161196 -0.660327
9924 0.426605 0.834389
9977 0.265432 0.570225
10054 -1.228135 -1.678144
10075 1.081645 0.507429
10078 -0.487994 0.835839
10085 0.650408 0.570378
10116 -0.399654 0.521325
10207 -0.461043 -0.512626
10214 -1.041379 -0.530261
10227 0.097734 -0.520584
10234 -1.123593 -0.279604
10311 0.148644 1.677962
10365 0.462566 1.845368
10441 0.104193 -0.442847
10473 0.324712 1.711914
10504 -1.032261 -0.271942
10560 1.337462 -0.410646
10591 -0.006797 0.010923
10704 0.666428 -1.161047
10776 0.450126 -0.488485
10842 0.317039 -0.057257
10858 0.219430 -0.494390
10895 0.677329 0.740750
10992 1.240549 -0.988878
10999 -0.342922 -0.090447
11023 0.096946 1.196146