13 0.801242 0.764368
29 -0.563468 -0.790485
34 -0.922020 0.808956
197 -0.736464 0.631787
265 0.922531 0.594628
277 -0.079481 0.713461
314 -0.877149 0.851476
340 -0.574713 -0.080607
390 0.556734 -0.551203
422 -0.412287 -0.046687
512 -0.751309 -0.195061
554 0.849789 1.194288
582 0.399673 0.974547
638 -0.122601 0.739760
744 0.399878 1.022469
794 -0.322437 -0.663292
877 0.269912 -0.450616
901 -0.226406 -0.539549
923 0.070461 0.468240
924 -0.093629 0.903182
930 0.366303 -0.029082
972 -0.126919 0.391160
1046 -0.045888 -1.135517
1071 -0.560709 -0.613236
1149 -0.377166 0.948429
1183 0.376044 0.102165
1259 -0.769195 0.855165
1265 0.018267 -0.125746
1428 0.445582 1.069638
1451 -0.325725 -1.686164
1454 0.843800 -0.338533
1487 -0.870371 -1.118819
1529 -0.994520 0.396414
1539 -0.642186 -0.638052
1620 -0.366497 0.065199
1629 -0.941434 0.011164
1708 -0.697713 1.058134
1734 0.240073 0.216066
1863 -0.729489 0.249871
1891 -0.259905 -0.479213
1956 0.677203 -0.258192
2079 -0.253789 -0.064364
2262 0.338412 -0.176263
2278 -0.763766 0.127841
2375 -0.829166 0.716222
2423 -0.585939 -1.099906
2442 0.707841 -0.904730
2447 -0.742114 -0.435265
2461 0.777723 -0.947844
2511 -0.608395 -0.314549
2515 0.677273 -0.300898
2626 -0.784785 -0.145745
2629 -0.225404 0.117586
2640 0.527906 -0.175178
2645 -0.944172 0.562920
2653 -0.354311 0.614236
2660 0.466448 0.562100
2763 -0.714219 0.021817
2781 -0.421686 -0.031772
2796 0.133735 0.124074
2932 -0.644095 1.232257
3020 1.007991 0.964930
3134 -0.358428 -0.433181
3147 -0.249108 1.179690
3181 0.405753 -0.591994
3269 -0.271939 -1.065520
3275 -0.725109 0.055557
3315 -0.136591 -0.924054
3354 0.139662 0.234323
3443 0.483409 0.427601
3620 -0.163247 -0.645402
3696 -0.107578 0.171790
3746 -0.487204 -0.664212
3792 0.632412 -0.862248
3823 -0.307707 0.317641
3824 -0.864006 -0.113850
3835 0.112723 0.004956
3868 -0.784451 -0.088493
3942 -0.105700 -0.286852
4006 -0.830368 0.396856
4045 0.267833 -0.087580
4110 0.357303 0.447334
4255 0.260940 0.307459
4309 0.194904 0.300954
4318 -0.458144 0.233421
4337 -0.820211 -0.224100
4465 0.198372 -0.322108
4466 0.124004 -0.761043
4498 -0.355677 0.911925
4562 -0.476764 0.677567
4597 -0.443785 0.359200
4772 -0.514521 -0.447593
4792 0.326016 -0.094254
4902 0.169753 -0.038324
4915 -0.110710 -0.113660
4931 -0.852045 0.150339
4941 -0.620340 -0.532218
4963 0.625796 0.659091
4999 0.857920 -0.613100
5060 -0.107698 -1.135975
5104 -1.111000 -1.091998
5153 0.235137 0.216812
5181 -0.164962 1.690393
5408 -0.893790 -0.210353
5453 -0.764236 0.493887
5474 -0.230421 -0.921902
5511 0.276249 -1.015679
5574 0.798918 -0.659287
5635 -0.059177 -0.427446
5662 -0.658834 -0.384374
5670 -0.023501 0.106291
5683 0.734526 0.014162
5910 0.053122 0.134593
6078 0.897245 -0.783693
6097 0.864281 0.315918
6113 0.048533 -0.700355
6240 1.035761 -0.909909
6404 0.629998 0.940503
6405 -0.102673 1.444236
6467 0.597851 0.797083
6506 -0.653575 0.242795
6510 0.624985 -0.406718
6541 0.307112 0.705736
6618 0.833901 -1.456462
6654 0.306406 -0.667495
6686 -0.784471 -0.469535
6699 -0.263352 -0.565540
6704 -1.022245 0.135067
6713 -1.242097 0.077111
6717 -0.058755 -0.888628
6761 -0.854079 -0.938461
6893 -1.098309 -0.698739
6956 -0.423332 0.195586
6975 -0.961478 -0.813009
6986 -0.048219 -0.958942
7024 0.378353 0.537815
7046 -0.273772 0.205745
7174 -0.961074 -0.525974
7181 -0.946399 -0.106449
7214 1.043707 -0.144322
7301 -0.779386 -0.551741
7377 -0.125046 1.346812
7382 -0.118526 -1.054968
7440 0.434089 0.070850
7490 -0.038500 -0.421474
7573 0.339035 0.206563
7580 -0.154323 -0.802864
7602 0.079660 0.457229
7609 0.493028 -0.090015
7650 0.205126 -0.466362
7701 0.306797 1.289256
7731 -0.346028 -0.066165
7732 -0.569270 -0.409378
7782 0.364256 0.024375
7791 0.252067 0.643133
7857 -0.732326 -0.788977
7872 -0.169854 0.478947
7913 -0.867064 -1.652892
7914 0.268689 -0.920866
8008 -0.977206 0.753770
8070 0.337134 0.212253
8072 -0.481494 -0.146047
8097 0.346330 0.677787
8103 -0.047100 -0.817240
8120 -0.315051 -1.130795
8133 -0.014633 0.560717
8207 -0.712918 0.187299
8262 0.009779 -0.479754
8295 -0.166686 1.475034
8301 -0.217208 -0.867265
8319 -0.233314 -0.221851
8373 -0.148486 -0.370520
8427 -0.212738 -0.070572
8465 0.149473 -0.414291
8512 -0.507489 0.506284
8545 0.683604 0.348703
8630 -0.810905 0.499477
8633 -0.615549 -0.772310
8689 0.431692 0.112235
8729 -0.816140 0.168754
8783 -1.005155 0.817733
8792 -0.399936 -0.052440
8960 0.463074 0.629835
8976 0.633634 -0.326845
8980 -0.846761 0.691504
9026 -0.754017 0.196885
9033 -0.278998 1.118646
9334 -0.879234 -0.782156
9353 -0.728501 -0.941805
9362 -0.471217 -0.531861
9412 -1.020696 -0.096694
9413 -1.142906 -0.714636
9616 0.308734 0.284117
9717 -0.030139 0.534056
9788 0.426438 0.678680
9811 -0.319479 -0.086588
9844 -0.490911 0.631041
9856 -0.535057 -0.483203
9884 -0.423679 -0.381903
9890 -0.860039 0.394103