54 -0.403738 0.530773
56 -0.413215 -0.111734
57 -0.157824 -0.128775
88 -0.554752 0.799261
307 -0.084459 -0.517326
356 1.070817 0.256436
362 -0.268097 -0.350244
364 0.314027 0.103425
484 -1.038866 0.952000
583 0.263488 0.929226
605 -0.420115 -1.439815
789 -0.202894 0.715150
809 -0.896380 0.632567
811 -0.434922 -0.462389
815 0.064865 -0.179045
833 0.764284 0.692103
893 0.134039 -1.870069
916 -0.752042 -0.253205
1074 0.469701 -0.903303
1131 -0.069489 1.780670
1171 0.202831 0.273665
1204 -0.938324 1.301981
1244 -0.498443 -0.526081
1282 0.209362 -0.742517
1297 -0.325050 0.106723
1316 -0.361589 -0.440230
1381 0.789766 -0.737814
1459 0.145734 -0.055293
1522 -0.985524 -0.301504
1630 -1.070670 -1.509774
1721 -0.239653 -1.182538
1724 0.599818 0.692443
1752 0.379064 0.359634
1809 -0.750217 0.606182
1923 -0.296794 0.802326
1955 -0.669383 -1.237208
2033 -0.591986 -0.326981
2055 0.327692 -1.189273
2119 0.336399 -0.459826
2144 -0.176403 -0.876627
2207 -0.075186 -0.876208
2225 -0.598437 -0.753665
2259 -0.929574 0.586963
2374 -0.684995 0.842083
2429 -1.191524 -1.004784
2551 1.268807 -0.045234
2645 -0.951940 0.507047
2680 -1.004811 1.376425
2700 0.021463 0.141243
2714 0.703359 0.849442
2718 0.158300 -0.471910
2754 0.256785 0.173919
2796 0.564047 0.366915
2844 -0.261755 -0.411696
2954 -0.323834 -0.828842
2995 -0.541169 0.961963
3094 -0.493466 0.056560
3183 -0.392372 0.959426
3296 -0.529477 -0.840963
3321 -0.552581 0.495247
3372 0.294534 0.301151
3495 -0.048397 -1.132322
3521 -0.280346 -0.532272
3569 0.099902 0.207837
3577 0.434012 0.142711
3651 -0.353131 1.612273
3655 0.084162 0.304766
3660 0.279501 1.069386
3951 -0.777715 -0.911114
3972 0.528569 -1.227068
4013 -0.798134 0.574785
4131 -0.929522 -0.134506
4142 0.110760 -0.887449
4162 0.323154 -0.171775
4252 0.245505 -0.241713
4456 -0.779314 -0.104170
4574 0.158124 -0.839500
4579 0.180833 0.364743
4609 -0.050107 -0.430421
4631 0.515672 0.134172
4670 -0.352943 0.051461
4745 -0.465177 -0.675125
4834 -0.996655 -0.383991
4837 0.676931 0.010826
4940 -0.635556 -0.473878
4946 0.623822 0.125578
5007 0.366415 -0.513450
5027 0.196939 -0.237077
5039 -1.014318 -0.771596
5064 0.195554 0.069621
5115 0.123660 -0.334678
5119 -0.169516 0.805763
5162 0.283891 1.177011
5163 -0.362152 1.821271
5169 -0.197056 -0.517199
5209 -0.001743 0.305677
5333 0.192713 0.435662
5337 -0.836545 0.367197
5342 0.329459 0.901052
5430 0.400243 -0.535321
5485 0.961650 1.075163
5500 -0.957869 -1.421064
5532 0.130721 0.452864
5546 -0.468794 -0.015165
5561 -1.037755 1.245877
5662 -0.423177 0.119030
5737 0.305277 0.195270
5749 -0.301501 0.783784
5754 0.487601 -0.280257
5801 0.422554 -0.082460
5863 1.208671 0.670524
5968 -0.746938 0.179459
6011 -1.069111 -0.683083
6066 0.306321 0.249508
6069 0.611477 -0.398280
6140 -0.389366 -0.850934
6281 -0.451610 -0.698119
6418 -0.833869 -0.002090
6569 -1.071590 1.041093
6577 -0.359785 0.177204
6625 -0.358528 -0.483321
6658 -0.758907 -0.096142
6669 -0.511353 -0.434478
6726 0.305577 -0.615929
6749 -1.315866 0.381612
6816 0.952108 -1.128518
6833 -0.558855 -1.697461
6967 0.272723 -0.643667
7155 -0.280184 -0.421998
7195 1.223524 -0.299953
7232 0.821201 0.840987
7487 -0.645116 -0.523577
7511 0.222791 0.257319
7599 -0.000730 -1.079434
7784 -0.632315 0.362248
7793 -0.880409 0.329797
7849 0.112376 -0.413118
7976 0.100567 -1.011933
8106 0.155694 0.267206
8137 -0.306592 -0.623375
8211 0.426031 -0.997405
8259 -0.188448 1.312727
8409 0.379366 -0.063932
8436 0.248412 -0.967974
8455 0.394956 0.381821
8635 0.378423 -0.394449
8641 0.070044 -0.495725
8780 0.656069 0.519203
8816 0.265688 0.478339
8819 -1.225345 -0.479190
8854 -0.873705 0.421067
8892 0.111970 -0.282914
8913 -0.022894 -0.769661
8972 -0.783491 0.720620
9001 0.063086 -0.310023
9051 -0.215671 0.876028
9162 -0.090498 -0.280631
9167 0.428330 -0.265675
9220 0.610367 0.655052
9276 0.359919 0.228847
9319 0.907130 0.894274
9330 0.286060 0.378058
9361 -0.267392 0.127635
9362 -0.270937 -0.304520
9370 -0.965208 0.226949
9393 -0.635209 1.413420
9404 -0.284305 -0.106628
9405 -0.279272 -0.373660
9413 -0.495868 -0.253637
9417 -0.038301 -0.523648
9475 -0.243123 0.145660
9518 0.445924 1.029098
9523 -0.493312 -0.317552
9628 -0.932778 -0.340874
9675 -0.774235 0.485814
9689 0.240993 -0.225919
9704 -0.099262 -1.064517
9737 -0.917874 0.907327
9818 -0.412369 0.228975
9842 0.745793 0.762995
9880 -0.848850 0.376306
9901 -0.242912 -0.355908
9902 -0.255285 -0.813590
9908 -0.817033 -0.204458
9910 -1.066818 -0.872893
10079 -1.150438 -1.179012
10098 -0.250767 -0.183058
10112 0.539320 0.392658
10234 -0.699278 -0.533828
10270 -1.143505 0.275440
10355 0.456491 0.776785
10473 -0.683245 0.723489
10474 -1.112590 -0.274451
10586 -0.184136 -1.058123
10655 -0.888176 -0.199612
10695 0.576967 -1.001050
10707 0.079807 0.831858
10903 1.090429 -0.741331
10954 -0.785086 -1.290892
10957 0.716805 -0.779019