94 0.316024 0.135744
249 -0.562847 1.587426
255 -0.044195 -0.658532
330 0.274254 0.165249
412 -1.140700 -0.207215
432 -0.015393 0.379257
531 -0.822376 0.685327
629 -0.809445 -0.560949
691 0.077343 0.377022
737 -1.150573 -0.678029
788 0.659694 0.992949
805 0.436598 -0.033789
928 -0.577486 -1.184567
987 -0.119044 1.282579
1016 -0.732298 0.191878
1057 0.635762 0.583507
1059 -0.161353 1.661661
1068 -0.019836 0.066356
1091 0.081783 -1.335695
1149 -0.547006 1.039063
1152 -0.445583 0.544913
1192 0.539503 -0.101769
1215 -0.632755 0.533544
1217 -0.279675 -0.774516
1290 1.028817 -0.967407
1325 -0.170247 -1.627722
1352 0.043216 -0.750736
1355 0.672785 0.096106
1371 0.026922 -0.734924
1384 -1.022343 0.412259
1413 -0.308441 -0.812009
1422 -0.472428 -0.282401
1494 -0.054569 -0.227405
1505 -0.247546 -1.635466
1530 -0.107212 -0.469924
1532 -0.175144 -1.273366
1535 0.382364 -0.489298
1566 -0.503844 -0.254950
1648 -1.051913 -1.414259
1687 0.560794 -0.057714
1690 -1.080776 0.576315
1700 -0.740763 -0.015640
1941 -0.566604 0.673064
1948 0.265195 0.016833
2017 -0.444798 0.093285
2053 -0.204756 -0.606483
2081 -0.108845 -0.992366
2136 0.498688 -0.278212
2248 -1.218028 0.603508
2291 0.385923 0.641369
2296 -0.794026 0.297976
2305 -0.443552 -0.707865
2307 -0.208732 -1.129534
2357 -0.818530 1.099694
2358 -0.208308 -0.397324
2360 -0.319658 -1.210036
2409 0.090760 1.487979
2506 0.520114 -0.779149
2588 0.683693 0.200566
2589 -0.088933 0.695602
2613 0.357550 -0.981125
2621 -0.031498 -1.619298
2670 0.226460 1.195260
2674 -0.614329 0.291796
2678 0.459192 1.392467
2695 0.858539 1.115160
2716 -0.459720 0.961623
3031 -0.035526 0.254421
3175 -0.156400 0.362266
3176 -0.745475 -0.242424
3178 -0.999952 -1.052036
3249 -0.672652 0.241312
3283 0.226946 1.088925
3290 0.836302 1.520614
3369 0.141944 -1.193164
3397 0.383470 0.492487
3403 0.014967 0.159148
3422 0.158226 -0.035445
3622 0.146386 0.176285
3660 0.066835 0.996811
3701 -0.207461 -0.790147
3749 0.503119 0.699605
3782 -0.478398 -1.032180
3905 -0.655857 -0.045590
3937 0.868053 -0.937380
3957 0.029861 1.590700
4088 -0.428272 -0.840988
4256 -0.756147 0.823038
4266 -0.452780 -0.117760
4346 -0.344859 0.656188
4354 -0.465002 1.095942
4482 -0.331671 0.619322
4553 -0.764014 0.141136
4563 -0.775065 0.791538
4582 -0.783096 -1.109840
4650 0.004976 0.224078
4669 -0.464086 1.037352
4675 0.331433 0.427295
4746 0.819437 -0.117292
4754 0.091823 -0.240032
4788 -0.067757 0.366819
4804 -0.782432 0.943275
4869 -0.325267 0.399379
4920 0.215719 0.599895
4985 -0.831434 -0.964274
4999 0.862581 0.670279
5010 0.310951 1.157046
5014 -0.602173 0.202354
5034 0.896451 -0.779126
5070 0.596934 -0.556843
5260 0.488228 0.198527
5326 -0.569686 -0.231715
5330 -0.058124 -1.169487
5372 -0.431292 0.377505
5484 1.109943 -0.246723
5569 -0.272812 1.091977
5653 -0.164101 -0.573863
5735 -0.427626 -0.594226
5806 -0.810594 -0.224731
5825 -0.167474 -0.668525
5845 0.742042 0.449690
5881 0.547071 -0.751889
5910 0.260038 0.457830
5969 -0.156445 -1.692162
6042 0.225642 -0.633055
6086 -0.567830 -0.642278
6150 0.579431 -0.711591
6158 -0.056990 -0.409880
6231 -0.056899 -0.549673
6321 0.464145 -0.673005
6435 -0.855224 0.473818
6438 0.486148 -0.128669
6541 -0.345874 0.340323
6614 -0.484882 0.452255
6616 -0.709620 -0.178275
6729 -0.324746 1.738498
6741 -0.492923 -0.295034
6768 0.133583 -0.311790
6771 0.370549 -1.081341
6839 -1.263214 0.207373
6862 0.212625 0.481703
6884 -0.400273 -0.573147
6902 -0.285953 0.765897
6912 -0.373498 -0.264163
6955 0.073556 0.081930
6998 0.278844 0.394132
7077 0.226772 -0.651561
7263 -0.894221 -0.863987
7285 0.555935 -0.383695
7306 -1.153575 -0.378570
7331 0.051379 0.305499
7382 -0.018898 -0.062529
7408 -1.324887 -0.697374
7411 0.378674 -0.121350
7448 0.357466 0.134209
7648 -0.494781 0.871540
7746 0.227116 -0.051090
7808 0.433484 0.179351
7814 -0.199405 -1.245162
7823 -0.208755 -1.819584
8010 -0.404184 -0.250480
8032 0.361750 0.145700
8158 0.447978 -0.194327
8164 -1.035013 -0.639790
8182 -0.593335 -1.297785
8200 -0.887934 -1.038170
8265 -0.080807 -0.051666
8333 -1.087956 -1.100282
8359 -0.511359 1.004733
8438 0.817504 0.095042
8573 0.065286 0.238756
8577 -1.027789 0.255037
8582 0.132204 0.694448
8635 0.253439 0.263956
8677 0.186784 0.381182
8700 -0.154849 0.899994
8721 -0.524801 -0.536055
8948 0.177584 -0.862732
8959 1.319170 0.651070
8960 1.028365 0.809365
9060 0.168048 1.073809
9072 0.137877 -0.392466
9118 -0.583188 0.076261
9256 0.443903 -0.367474
9258 0.082889 0.360346
9330 0.071297 1.200099
9338 0.462772 1.428622
9351 -0.857220 -0.700190
9533 -0.470447 -1.426972
9556 -0.985368 1.330179
9616 0.653683 0.763569
9697 0.865430 -0.073224
9710 -0.763812 0.925748
9769 0.421418 -0.001000
9772 -1.217684 0.563738
9783 -0.708435 0.197881
9852 0.098869 0.833109
9888 0.037914 0.067069
9954 -0.464493 0.115243
9975 0.136572 -1.155562