1 -0.423513 0.342662
2 -0.452450 -0.113863
14 0.492266 0.931000
24 0.349777 0.351747
232 -0.777662 0.687249
254 -0.440380 -1.219850
339 -0.369536 0.902838
350 -0.984017 -0.172404
421 -0.187425 0.724967
443 -0.334291 -1.479878
637 -0.479774 1.071150
680 0.858085 -0.196408
710 -0.467269 0.795856
791 -1.216857 -1.163991
795 -0.045323 -0.181170
816 -0.182477 0.234221
902 -0.435829 -0.479360
904 0.144454 0.022361
974 -0.302742 -0.818145
1134 0.002409 0.257452
1164 0.625107 -0.544413
1234 -0.673829 0.124597
1270 -0.796149 -0.896621
1273 0.886466 -0.229970
1291 1.215110 -0.182097
1443 -0.157591 -0.777221
1481 0.044170 -0.174335
1525 0.670560 0.247663
1557 -0.689229 0.637093
1664 -0.302036 0.697631
1719 -0.410869 0.278520
1732 0.158388 -0.663149
1759 1.023053 -0.761234
1811 -0.638342 -1.234584
1813 0.305466 0.001672
1962 -0.286241 -0.283507
2117 -0.324526 -1.829443
2172 0.693901 -0.893898
2238 -0.206528 0.379512
2255 0.596751 -0.226927
2269 -0.300678 -0.234528
2308 0.422172 -0.785043
2365 -0.428101 0.173496
2375 -1.186047 -0.985481
2406 0.853953 0.443423
2499 -0.307504 1.473938
2543 0.077651 0.280461
2546 -1.037678 0.522372
2650 0.401618 0.225013
2664 -0.493314 -0.223051
2702 -0.526339 -0.790850
2715 -0.625465 1.043397
2734 -0.643453 0.422596
2762 -0.450361 -0.301073
2886 -0.063534 0.888150
3104 -0.490559 0.885674
3150 -0.000796 -0.472089
3178 -0.995287 -0.927793
3218 0.772509 -0.220731
3348 -0.186084 0.560461
3360 0.687737 0.184740
3477 0.468585 -0.426755
3498 0.194590 0.923403
3504 0.915427 0.206139
3587 0.177546 0.067261
3599 -1.267707 0.000623
3642 -0.191500 0.349213
3706 -1.076075 0.734417
3739 0.574437 -0.356934
3758 0.867480 0.035042
3764 0.019483 -0.911017
3836 -0.216971 -1.244252
3935 -0.395633 -1.536864
4077 -0.795689 -0.588722
4097 -0.296898 -1.751284
4128 -0.258931 0.895023
4213 0.337600 -0.148433
4243 0.698083 -0.486130
4256 -1.102245 0.182528
4309 -0.036829 0.200915
4336 -0.975530 1.049471
4398 0.339772 0.520419
4417 -0.501499 0.296551
4536 0.286700 -0.191963
4565 0.046103 -0.646312
4607 -1.102851 -0.661165
4622 0.515898 0.870754
4740 -0.280143 0.915390
4837 0.526504 -0.583314
4843 -0.380566 -0.697947
4858 -1.029274 -0.429911
4861 -0.477624 -0.533214
4879 0.082401 0.075759
4940 -0.557874 0.288190
5048 -0.884644 0.249307
5096 0.227047 -0.266371
5171 0.241719 -0.050022
5243 0.042713 0.562779
5244 -0.223152 1.010118
5269 0.600210 -0.579463
5329 0.063147 -0.200789
5394 1.043504 0.148429
5422 0.374374 -0.628999
5500 -0.931002 -1.359506
5516 -0.729156 -0.731891
5520 0.491695 -1.120308
5551 -0.125999 1.095911
5561 -0.776716 0.766157
5586 0.209528 0.774703
5604 0.314983 0.952269
5648 0.398503 0.614606
5655 0.118266 -1.199145
5778 0.055307 0.425252
5891 0.195817 -0.218060
5894 -0.905525 -0.431991
5921 -0.745145 -0.914713
6012 -0.068159 -0.412693
6016 0.450571 -0.661936
6065 -1.100072 0.128097
6076 -1.131500 -1.440800
6083 -1.277161 -1.205074
6094 -0.853320 -1.359599
6099 -0.298489 0.696819
6224 0.615154 0.407520
6249 0.015165 -0.687226
6329 -0.494282 -1.152196
6345 -0.857455 0.633459
6397 -0.479202 0.636923
6400 -1.230796 -0.462952
6459 -0.057858 1.214825
6520 0.426296 0.478450
6522 0.112502 1.104028
6541 -0.444167 0.707665
6652 -1.067677 -0.587185
6688 -1.158810 0.020991
6695 -1.185372 0.916725
6698 0.253817 -0.262496
6714 -0.146238 -0.066475
6715 -0.143821 -0.332656
6739 -0.469996 0.758625
6810 0.316633 0.489283
6925 0.618568 0.688128
6928 -0.663183 1.217683
6959 -0.182572 -0.887715
6998 0.424755 0.427155
7082 -0.830312 0.959329
7109 -0.608101 -0.518255
7154 -0.517368 0.081882
7155 -0.525652 -0.216301
7204 0.879435 0.025946
7267 0.393605 0.610972
7287 -0.623352 0.980343
7367 0.660248 0.218736
7407 -0.848767 -1.043763
7449 -0.537244 1.475958
7602 0.404010 0.811567
7685 -0.891048 0.792092
7812 0.186684 0.564927
7830 -0.407868 -0.223653
7886 -0.105278 -0.886501
7924 0.056475 0.220953
8000 -0.389149 -0.462475
8046 0.282450 0.424732
8054 -0.260563 0.465731
8126 -0.556423 -0.376277
8300 -0.023667 -0.314924
8307 -0.577614 0.303904
8349 -0.610219 1.183426
8374 0.358623 0.565402
8464 0.254844 -0.578695
8477 -1.012161 -0.964169
8495 -1.175063 -0.971235
8502 0.120488 0.735756
8529 -0.191374 0.576077
8583 -0.207827 1.189723
8601 -0.417205 1.145332
8613 -1.028452 0.473105
8636 0.788810 0.285737
8721 -0.362297 -0.575812
8733 0.184850 -1.039560
8789 0.137316 -0.213863
8822 -0.379895 -0.680136
8858 -0.444880 -0.357534
8874 0.099195 -0.137627
8887 0.994829 -0.271097
8913 0.303387 -1.127923
8933 0.242900 -0.313782
8947 0.006177 0.124339
8997 -0.647616 1.395953
9263 -0.326934 -1.011738
9276 -0.096743 0.452996
9343 -0.243630 0.120724
9425 -0.488506 -0.979961
9433 -0.342590 -0.226187
9507 0.608762 -0.550037
9656 -0.391225 0.471191
9683 -1.001475 -1.275927
9753 -0.597777 1.544771
9787 0.464901 0.653989
9808 -1.182131 0.739983